0.000 V, min=-0.093 V, max=0.069 V -
-2 -1 6 -6 1 -5 9 5 -3 -8 -1 4 10 7 5 12 -2 4 8 22 15 5 9 10 6 4 3 -4 -3 -1 -2 3 0 -17 -10 -4 1 -10 -7 -3 1 -8 -10 0 12 0 2 -13 -17 -12 -9 -4 0 -5 -1 -8 -9 -4 1 0 -27 -37 -53 -67 -70 -74 -87 -100 -116 -104 -94 -98 -88 -86 -82 -60 -63 -58 -59 -27 -22 -25 -2 0 16 28 40 61 62 67 73 78 84 85 86 80 71 80 69 68 71 71 77 69 60 52 49 49 51 52 38 22 19 27 19 18 31 23 22 22 21 22 30 24 20 11 10 -1
V -0.000 V, min=-0.062 V, max=0.089 V +
V 3 2 -1 11 5 11 4 6 10 -2 -6 -13 -9 -1 0 4 -1 -8 -11 -15 -8 -13 -13 -15 -18 -14 0 6 -1 -2 -3 22 35 65 87 88 95 101 105 108 110 105 106 94 79 68 70 57 46 45 40 24 14 8 12 -6 -17 -34 -41 -43 -53 -55 -60 -63 -77 -75 -65 -55 -55 -68 -64 -63 -73 -73 -62 -62 -47 -52 -54 -44 -46 -45 -41 -39 -44 -48 -37 -45 -41 -41 -37 -46 -43 -44 -67 -48 -44 -30 -13 -19 -25 -27 -34 -41 -25 -14 -16 -22 -21 -11 -1 -11 0 -3 10 5 4 20 5 0 -1 9 5 15 18 14 12 5
-0.000 V, min=-0.070 V, max=0.034 V -
4 0 -3 4 1 -3 0 3 2 8 11 8 1 -4 0 -2 0 0 -7 0 -4 -3 -4 -17 -8 -4 0 -9 -5 -18 -5 -1 8 4 5 6 1 2 -2 -11 -13 -2 2 0 2 -2 8 2 0 18 5 -3 15 8 -1 2 0 -1 2 -4 -7 1 -14 -44 -78 -87 -77 -64 -56 -40 -27 -19 -20 -12 3 6 9 19 22 12 23 19 20 33 32 30 42 39 42 32 22 18 23 15 13 8 15 15 15 24 14 0 12 8 3 2 12 18 18 18 18 8 7 3 -10 -1 -11 -7 -6 -19 -7 -13 -12 -11 -1 4 0 2
0.000 V, min=-0.059 V, max=0.022 V -
8 9 14 4 4 6 3 -4 -7 -2 6 4 12 18 -3 -6 2 -1 -1 0 -2 -7 -12 -15 -10 -12 -10 -15 -18 -2 7 13 8 4 -1 4 10 4 1 -6 -3 0 8 7 11 4 -8 5 5 4 4 2 0 4 -4 -1 0 -8 -7 10 4 -25 -59 -58 -73 -52 -46 -32 -14 -13 -1 -2 -1 -4 -3 17 11 27 20 13 0 27 21 12 7 21 18 11 15 18 8 11 15 15 15 12 21 15 19 7 7 15 12 3 -10 10 11 5 12 17 23 14 8 0 2 -5 0 3 8 18 9 0 0 -1 2 -1 13 2
-0.000 V, min=-0.143 V, max=0.096 V -
-22 -4 -2 -3 -5 -13 -10 -9 -8 -4 3 3 1 5 6 -1 2 0 0 9 13 12 9 7 4 5 2 -10 -3 -6 -2 -1 0 0 -5 -10 -14 -2 -2 -3 4 -7 1 -7 -4 8 5 2 15 23 6 1 0 6 -8 -7 -3 -3 -7 -7 -6 -7 -13 -42 -82 -109 -113 -118 -122 -123 -152 -169 -172 -172 -178 -151 -138 -121 -103 -78 -57 -40 -17 7 28 54 64 79 95 90 87 101 95 100 98 119 119 113 103 96 95 85 77 82 80 66 64 69 58 49 44 50 34 35 34 39 33 19 32 19 13 22 22 13 23 31 25 31
0.000 V, min=-0.144 V, max=0.052 V -
2 6 8 13 9 0 -2 0 0 -2 7 3 0 -1 12 7 0 6 -4 -3 -9 -11 -10 -4 -4 -6 5 7 17 4 -10 -4 -6 -4 -1 -2 -23 -3 10 7 5 12 6 9 7 -1 3 2 2 0 -8 -2 0 10 5 2 5 -3 -3 -16 5 0 2 -37 -96 -163 -178 -179 -169 -133 -107 -77 -48 -17 -2 4 25 35 26 36 36 39 31 45 48 51 55 64 64 57 50 55 51 49 47 47 45 41 41 42 34 21 25 39 36 34 36 18 19 10 15 16 1 0 -1 6 5 2 8 16 12 4 -1 2 2 11 4 0
-0.000 V, min=-0.076 V, max=0.035 V -
3 -3 -5 1 -9 -1 -10 -3 2 -11 -24 -9 -11 -19 -12 0 0 -3 2 3 15 12 25 21 12 0 0 11 2 -9 -12 -15 -7 1 -3 -14 -5 4 -7 7 1 0 9 5 -3 1 4 -5 -6 -1 -2 -10 -1 5 2 2 -6 -24 -15 -1 0 5 -12 -45 -82 -88 -94 -65 -64 -41 -40 -15 -17 4 14 15 16 7 21 18 15 19 24 43 36 26 22 21 23 31 23 21 24 13 17 6 5 17 8 8 9 4 10 12 3 3 14 17 14 8 13 16 11 2 8 11 4 1 5 6 10 8 8 11 15 15 15 4
-0.000 V, min=-0.071 V, max=0.023 V -
19 6 -1 0 9 9 14 2 5 5 -12 -10 0 2 2 -10 1 7 9 4 3 4 4 6 0 0 4 0 -3 4 2 8 7 -2 0 0 -3 3 7 4 -3 -4 -2 -2 4 0 4 4 4 2 -2 2 7 -5 -8 -13 -8 -11 0 4 -3 -2 -2 -20 -74 -86 -88 -81 -54 -46 -32 -20 -16 -10 -2 -2 0 12 20 20 20 25 29 26 22 29 23 22 19 26 16 11 20 8 24 14 23 18 15 11 8 8 10 27 13 13 13 7 15 9 2 12 7 8 4 3 5 10 7 2 6 7 1 4 7 0 -5 -14
0.000 V, min=-0.102 V, max=0.041 V -
7 0 -10 -7 -8 -11 -17 -6 0 -1 -2 0 -5 -20 -15 -6 -4 -5 -3 3 -8 -2 9 -10 -3 -1 -2 1 0 2 2 7 0 2 7 16 10 7 6 0 -2 -6 -5 1 3 2 0 -3 7 13 4 9 5 3 2 -15 0 -5 2 -3 1 -11 -5 -60 -85 -110 -126 -117 -108 -81 -52 -36 -16 -6 10 19 12 27 29 37 30 38 43 42 51 47 43 38 35 38 40 30 31 28 33 23 21 27 15 16 15 16 25 28 17 7 16 18 8 -1 -4 0 10 17 9 0 2 4 7 5 4 12 0 1 -3 -3 3 -1
-0.000 V, min=-0.056 V, max=0.023 V -
-9 -8 8 0 -4 -8 5 -2 0 13 4 4 -1 3 2 0 -3 -3 2 -3 0 6 -9 -3 -7 -2 0 1 -4 0 6 14 9 10 13 2 -2 1 0 -11 -25 -5 -6 0 4 8 -10 -4 9 2 3 -1 -2 -1 -3 -1 0 -2 -11 -8 -9 2 -33 -58 -70 -58 -35 -32 -37 -22 -18 -8 -6 0 -7 0 13 7 7 3 1 18 23 24 24 16 22 13 11 12 17 13 20 26 19 15 16 13 7 20 2 9 11 12 16 10 14 6 14 17 17 17 7 2 7 0 8 6 7 12 6 -6 4 0 13 -3 -1 -11
0.000 V, min=-0.084 V, max=0.041 V -
10 11 2 1 -4 12 2 4 -3 2 5 -4 0 6 7 6 -6 -14 -11 -16 -22 -15 -3 -1 -1 1 0 1 -2 -8 3 12 6 -10 -11 -7 -2 -6 -15 -14 -10 -19 -7 -12 -7 -12 11 1 -4 -5 3 0 -7 -11 -2 3 -5 -3 0 2 15 11 -20 -66 -92 -104 -100 -101 -93 -66 -50 -40 -23 -7 9 12 24 23 26 30 37 38 35 34 37 30 35 40 51 41 43 41 36 32 35 27 9 17 28 19 15 31 24 27 27 21 10 13 13 2 7 1 0 13 15 6 -1 -3 -7 0 -6 -10 -2 2 -15 -7 -5 10
0.000 V, min=-0.097 V, max=0.034 V -
2 4 -1 -4 -8 4 0 7 21 9 7 4 -9 -1 0 9 6 0 3 -4 -2 -4 -2 6 3 2 6 5 0 5 10 2 3 1 4 -3 -6 -5 -9 -11 -3 -3 -4 -10 -16 -15 -11 -11 -6 -7 -2 5 8 8 4 5 6 2 7 6 14 13 8 -48 -99 -121 -113 -91 -97 -70 -55 -36 -15 -11 -10 5 19 25 33 42 31 35 38 40 33 35 32 30 31 26 23 30 35 30 30 34 27 19 28 23 17 22 13 10 19 28 36 25 11 8 9 8 9 12 0 -7 4 21 17 15 0 3 8 0 -5 -1 -4 5
V
0.000 V, min=-0.058 V, max=0.061 V +
1 11 7 9 0 1 -3 -15 -10 -3 -6 -4 -19 -6 5 6 3 -9 -8 -3 -10 -5 -13 -11 1 0 -2 -8 0 -5 -4 3 3 -2 0 -4 -3 0 14 12 3 2 6 8 0 4 12 5 18 16 5 -6 8 10 8 7 4 1 8 -6 0 -24 -52 -59 -72 -62 -55 -45 -39 -37 -32 -22 -20 -6 -2 3 -4 1 -1 0 3 18 9 3 12 6 8 23 15 28 22 26 22 22 19 21 23 19 31 19 25 52 70 76 68 63 52 45 39 20 15 9 16 7 9 6 -2 -8 -9 -18 -25 -19 -20 -30 -19 -5 -6 -16
-0.000 V, min=-0.050 V, max=0.056 V +
0.000 V, min=-0.056 V, max=0.045 V -
-9 -7 -12 -18 -15 -10 -2 -7 -13 -11 0 -7 2 4 2 6 2 8 2 2 -6 2 9 16 6 2 6 5 12 6 3 0 -1 8 0 0 2 15 6 2 10 -1 8 17 2 -4 -2 13 9 2 -3 12 6 6 8 1 0 8 11 9 7 4 -24 -50 -70 -53 -52 -48 -33 -25 2 27 38 47 34 18 28 30 21 28 22 27 18 19 16 18 20 22 8 -10 -6 -8 7 9 1 4 -1 -12 -18 -5 -3 -14 -10 -10 -9 -7 -7 0 2 7 2 -13 -6 0 0 1 7 18 -3 -1 2 4 11 5 0 0 -6 -11
0.000 V, min=-0.047 V, max=0.059 V +
0.000 V, min=-0.056 V, max=0.052 V -
2 6 0 -13 -13 -10 -2 -6 -1 -1 7 1 3 0 -3 1 0 -8 -5 -6 3 -6 -4 2 9 14 19 10 8 1 11 15 12 17 7 9 1 -2 -8 0 1 0 1 2 -6 0 4 8 21 12 1 2 -8 -4 -4 -2 3 -7 -3 -18 -11 0 -14 -58 -69 -66 -69 -62 -46 -36 8 32 44 42 31 26 21 28 25 34 38 34 25 17 7 11 16 17 4 4 6 0 -1 10 1 5 -5 -8 -5 1 4 4 -5 0 -3 -11 -10 -12 -7 -5 -7 -3 -13 -9 11 -3 -5 7 -3 -2 8 11 11 0 -4 0 -2 4
-0.000 V, min=-0.059 V, max=0.051 V -
8 1 1 8 14 0 9 6 6 0 0 13 7 6 3 -2 4 13 -1 -8 -7 8 1 5 0 -1 -2 -9 0 0 4 6 6 0 -10 1 4 4 -1 -2 4 -2 0 6 5 4 7 4 3 0 -8 -17 -2 -5 -1 6 -7 -16 -7 -4 -8 -12 -41 -66 -73 -73 -52 -38 -27 -27 -18 -18 -29 -24 -14 -11 -1 7 9 12 17 16 20 14 23 30 27 26 24 27 22 22 20 22 28 21 19 12 17 16 9 10 9 -1 4 4 20 21 11 5 7 7 2 0 4 7 3 6 14 35 58 63 54 53 39 34 34 27
V
0.000 V, min=-0.087 V, max=0.033 V -
-3 -6 8 11 3 -9 0 -1 1 4 -2 0 -2 4 13 14 7 22 3 2 10 -3 -10 -7 2 8 0 -10 -5 0 -3 -3 0 -2 -3 -2 3 -6 0 -1 3 0 -4 6 6 10 6 10 4 -8 -7 -10 3 4 4 -3 0 4 -4 1 0 0 3 -56 -94 -108 -105 -99 -78 -59 -55 -30 -15 0 5 5 6 18 19 22 38 33 24 27 30 34 31 24 20 21 24 24 20 28 41 35 25 29 30 28 21 25 20 19 16 6 0 3 10 15 9 15 3 -3 -6 -18 -16 -9 4 24 14 9 3 3 -10 -9 -9 -10
-0.000 V, min=-0.058 V, max=0.023 V -
-3 -7 -3 -8 -8 -10 -5 -1 -1 4 8 4 3 3 2 1 2 -3 1 -3 -8 -2 0 1 3 1 -4 -2 0 0 -8 -4 2 -3 1 8 2 -2 -11 -6 -7 -2 0 -1 2 -7 -9 -4 -4 1 6 10 8 1 10 9 -9 -7 7 11 15 2 -45 -68 -72 -56 -54 -35 -24 -28 -20 -5 2 -1 -1 4 0 13 7 11 27 29 28 21 19 19 24 26 21 27 26 19 19 26 13 18 13 8 14 10 8 2 4 18 12 4 0 8 5 8 14 9 9 11 15 1 17 9 11 18 13 8 17 18 8 6 1 -3
-0.000 V, min=-0.091 V, max=0.033 V -
12 13 5 4 3 6 -2 -7 -16 -11 -8 -2 1 1 -7 -9 -3 6 -13 -17 -10 2 2 0 0 3 -2 0 2 -5 0 10 2 8 -5 5 8 10 1 -1 9 10 -7 0 0 4 4 1 -1 -8 -18 -11 -8 -10 0 -13 -11 -1 0 2 0 12 15 -7 -69 -104 -113 -101 -78 -64 -45 -29 -16 -2 -1 2 3 13 12 19 28 19 22 28 38 30 20 21 24 27 32 35 27 30 35 34 30 41 33 21 14 20 18 19 8 12 16 3 2 -3 -2 -7 -4 -5 -1 10 22 20 10 4 4 3 8 -2 2 9 16 9
-0.000 V, min=-0.064 V, max=0.064 V -
6 -4 -4 -13 -7 -6 -5 -7 -6 3 7 7 -7 -4 -3 -1 2 7 2 -3 4 3 5 13 -2 -3 -4 -5 -4 -11 -7 1 -4 -3 -4 2 -10 -14 -8 -1 -12 -10 -18 -9 0 8 3 1 12 20 12 10 0 -1 0 -6 -3 -3 1 -5 7 -18 -32 -58 -71 -80 -76 -77 -79 -64 -59 -52 -33 -9 21 38 58 72 78 79 76 75 72 72 53 51 55 45 39 38 33 29 34 32 23 32 31 23 22 18 7 -8 15 13 -1 -7 -17 -14 -11 -14 -23 -4 -6 -18 -23 -16 -14 -20 -22 -17 -21 -27 -27 -27 -23 -16 -17 -22
0.000 V, min=-0.060 V, max=0.024 V -
V 12 5 16 20 16 0 7 10 3 -4 -6 -7 1 1 6 11 6 -3 3 0 -3 -5 -7 -7 -2 9 7 10 6 -7 -10 -6 -1 0 5 7 15 14 7 11 7 3 12 16 0 -3 0 0 -2 2 -3 -9 1 0 -12 -5 6 -5 0 5 6 9 -41 -65 -69 -74 -59 -42 -39 -26 -11 -1 2 1 0 2 11 23 20 25 16 23 11 0 9 17 17 27 22 14 11 15 14 1 8 7 5 8 15 11 0 4 14 8 2 -15 -4 7 0 12 7 -2 -4 -1 0 2 0 1 4 1 2 0 2 4 -1 -1 7 14
-0.000 V, min=-0.059 V, max=0.040 V -
V -7 -9 -1 -3 0 4 0 5 1 10 17 6 0 5 2 -9 -13 -4 8 13 12 6 4 0 -10 -11 2 0 2 2 7 -1 0 6 11 21 18 10 13 10 9 11 7 10 9 -1 -1 0 11 7 0 -6 -15 -21 -18 -29 -29 -33 -34 -31 -32 -39 -44 -53 -73 -65 -58 -61 -48 -57 -53 -56 -60 -64 -60 -59 -59 -69 -60 -47 -50 -64 -63 -54 -46 -43 -37 -35 -29 -20 -12 -5 -17 -8 -8 2 0 9 -2 1 11 33 23 31 35 44 37 28 29 31 33 31 41 45 48 47 32 44 50 48 42 42 45 45 49 45 36 41
-0.000 V, min=-0.143 V, max=0.078 V -
V 0 -4 -18 -7 -11 -8 -5 -3 -3 2 2 6 1 8 0 0 6 3 8 12 9 4 2 -3 -8 -10 0 5 -9 -5 -4 2 9 8 7 12 15 11 12 5 -2 -1 9 3 -1 -4 -9 -19 -18 -28 -37 -46 -45 -49 -46 -54 -61 -54 -59 -47 -52 -53 -61 -68 -81 -105 -107 -126 -157 -178 -168 -162 -141 -141 -144 -134 -117 -104 -92 -81 -69 -55 -36 -23 -16 0 9 28 47 59 66 80 90 89 80 81 88 79 89 97 95 91 93 86 86 81 80 83 76 87 90 85 76 69 75 68 63 64 59 57 60 59 62 54 51 48 58 55
0.000 V, min=-0.056 V, max=0.060 V +
